62.717
42.50925
48.74075
64.153
54.1965
53.86575
40.8
45.40425
70.59275
88.6725
43.18725
48.797
38.93
57.11225
66.505
200.10075
141.76525
160.934
142.40925
173.88075
205.80975
146.33975
152.556
92.0455
102.28675
105.50575
136.4385
148.081
189.36725
148.328
154.28875
185.1475
77.066
118.3065
123.254
123.7795
190.9025
198.18425
128.26475
155.1605
148.41975
154.39325
144.279
156.47425
131.09375
153.00625
148.63225
152.11725
164.192
152.6485
144.48675
222.5885
164.7975
153.09925
167.82075
143.0795
240.311
77.07575
162.82475
163.94175
138.26825
142.36
187.5105
158.6075
141.4815
136.882
163.522
76.511
155.9785
122.08875
74.39125
90.64
85.97725
109.71725
64.89475
77.432
94.521
116.328
105.82
106.954
92.53725
117.593
117.0365
108.67025
106.39825
108.0285
108.98075
86.03725
88.64425
91.21325
111.3995
108.452
66.9665
90.41975
112.95075
101.59725
63.84375
59.67675
74.7025
116.545
120.1215
85.48025
93.27825
112.58475
81.7565
101.951
80.298
89.49125
114.55325
124.09175
122.96725
155.915
160.09775
163.98025
143.1215
147.0335
129.51225
101.887
128.84375
182.95075
164.298
183.66
93.65525
79.6345
169.89175
171.53725
167.16975
172.628
80.25675
134.4615
110.3845
140.61125
69.41875
71.48275
220.519
117.03475
168.3095
161.19475
170.14725
172.03425
169.8835
166.467
161.0455
165.81175
179.67075
177.817
178.61425
158.3295
158.43
168.83025
166.65775
160.97275
172.12175
75.65225
91.33775
158.6205
122.99425
157.1895
198.7365
134.9855
110.51525
89.51275
85.0655
117.6
86.02025
107.991
115.273
79.332
121.14075
115.7845
112.68575
112.84125
113.0645
118.2965
110.948
86.002
73.58425
84.21575
74.42025
110.87125
119.86425
82.61525
75.4845
70.9445
83.20275
102.002
117.39975
115.81225
116.6605
117.5195
116.57475
104.15825
109.14
95.9265
114.667
114.02725
77.1865
101.528
108.5405
100.34075
77.5845
115.9935
123.3615
76.6275
115.5685
90.3335
92.11925
72.40075
82.39825
102.63025
75.88825
78.5635
72.845
101.55875
81.5965
97.13125
105.77125
122.14575
97.64725
119.04525
107.88575
106.164
88.64575
102.61925
150.1165
152.624
93.56175
126.06525
194.26725
195.95725
130.46425
147.03825
172.88625
77.21
174.8685
163.7685
150.8895
146.61725
147.17925
112.7445
168.05525
102.54675
158.52325
157.45275
138.41625
147.5875
113.01625
189.02575
143.703
139.22025
78.32825
138.537
163.802
74.32625
127.93275
84.562
136.585
136.219
147.1855
161.81775
106.74475
56.32275
121.72925
88.4485
143.39175
105.022
137.77775
171.327
164.4095
109.47
186.62825
79.8305
210.4105
145.427
154.62575
152.52825
84.62875
143.44975
153.3895
61.3245
56.52975
130.57225
88.1515
77.6795
84.96375
77.53575
79.212
132.676
85.12325
154.91075
143.9275
169.6565
184.703
184.987
164.41975
183.9305
76.0695
145.1265
89.19175
84.56275
